mean_alpha_highpsi: 0.029074886014685615
ratio_var_logwage_high_lowpsi: 1.0374748233444706
diff_logwage_inperson_remote: -0.6061481920798691
diff_logwage_RH_high_lowpsi: 0.1621609138878871
market_tightness: 0.0020631455110793665
mean_logwage_remote: 0.8079358642249126
dlogw_dpsi_mean_RH: 0.5453695713941423
var_logwage_lowpsi: 0.04877883572344761
mean_logwage_RH_lowpsi: -0.1411787453825644
var_logwage: 0.049352491594126795
mean_alpha_lowpsi: 7.993135806005953e-5
mean_logwage_inperson: 0.20178767214504345
mean_logwage: 0.18165871229989386
agg_productivity: 0.5231937734131441
var_logwage_highpsi: 0.05060681397513275
mean_logwage_RH_highpsi: 0.020982168505322703
diff_alpha_high_lowpsi: 0.028994954656625556
hybrid_share: 0.09222257587897316
